7.49202	237.554	1489.87	
7.44108	237.59	1489.72	
7.43052	237.587	1489.69	
7.4563	237.574	1489.82	
7.43989	237.572	1489.76	
7.41334	237.582	1489.71	
7.46583	237.574	1489.79	
7.45685	237.578	1489.7	
7.49245	237.601	1489.55	
7.50948	237.569	1489.75	
7.4637	237.585	1489.74	
7.44139	237.573	1489.77	
7.56624	237.574	1489.78	
7.50292	237.566	1489.84	
7.42077	237.591	1489.66	
7.41006	237.596	1489.62	
7.42735	237.571	1489.8	
7.46153	237.559	1489.85	
7.50035	237.575	1489.79	
7.46312	237.577	1489.77	
7.49535	237.584	1489.7	
7.38767	237.556	1489.92	
7.44274	237.586	1489.72	
7.45458	237.573	1489.79	
7.43088	237.594	1489.65	
7.49527	237.569	1489.78	
7.45181	237.593	1489.66	
7.43523	237.582	1489.69	
7.43191	237.596	1489.68	
7.43732	237.577	1489.75	
7.42783	237.587	1489.75	
7.43136	237.608	1489.55	
7.47473	237.564	1489.9	
7.4597	237.588	1489.74	
7.49459	237.576	1489.75	
7.45561	237.576	1489.78	
7.47691	237.579	1489.75	
7.47259	237.589	1489.69	
7.49468	237.583	1489.71	
7.48636	237.574	1489.76	
7.44292	237.572	1489.82	
7.43354	237.574	1489.82	
7.46658	237.591	1489.69	
7.43835	237.576	1489.76	
7.4939	237.566	1489.8	
7.47726	237.578	1489.71	
7.43911	237.571	1489.74	
7.46808	237.583	1489.68	
7.48798	237.562	1489.82	
7.42683	237.59	1489.66	
7.44771	237.595	1489.62	
7.47568	237.584	1489.7	
7.46576	237.573	1489.77	
7.52619	237.596	1489.63	
7.43409	237.562	1489.83	
7.43055	237.593	1489.65	
7.45809	237.581	1489.72	
7.52046	237.586	1489.68	
7.46284	237.575	1489.75	
7.44956	237.581	1489.73	
7.50126	237.586	1489.67	
7.44812	237.573	1489.76	
7.45163	237.582	1489.74	
7.46131	237.592	1489.72	
7.51227	237.571	1489.77	
7.49162	237.595	1489.61	
7.45592	237.586	1489.71	
7.49477	237.58	1489.71	
7.48916	237.6	1489.63	
7.4598	237.598	1489.68	
7.45257	237.59	1489.66	
7.41753	237.581	1489.73	
7.42094	237.591	1489.7	
7.44828	237.566	1489.79	
7.4584	237.578	1489.76	
7.45476	237.583	1489.71	
7.46099	237.56	1489.86	
7.40782	237.582	1489.68	
7.46552	237.595	1489.7	
7.47261	237.585	1489.67	
7.48127	237.596	1489.63	
7.4591	237.569	1489.75	
7.4415	237.582	1489.75	
7.43003	237.584	1489.7	
7.47479	237.591	1489.65	
7.49031	237.565	1489.87	
7.42476	237.592	1489.69	
7.28662	238.033	1486.83	
7.49975	237.568	1489.8	
7.49576	237.578	1489.72	
7.45665	237.574	1489.76	
7.45447	237.587	1489.63	
7.46859	237.58	1489.71	
7.41103	237.595	1489.64	
7.44208	237.579	1489.73	
7.40545	237.568	1489.85	
7.47598	237.579	1489.72	
7.44525	237.583	1489.7	
7.46877	237.579	1489.73	
7.43628	237.584	1489.7	
7.42182	237.573	1489.75	
7.53533	237.577	1489.75	
7.45438	237.565	1489.82	
7.41006	237.599	1489.64	
7.51685	237.581	1489.72	
7.49517	237.59	1489.7	
7.43552	237.569	1489.81	
7.46474	237.562	1489.83	
7.39556	237.581	1489.75	
7.4481	237.588	1489.71	
7.49201	237.59	1489.67	
7.47879	237.572	1489.79	
7.45004	237.586	1489.71	
7.47337	237.557	1489.86	
7.46416	237.579	1489.76	
7.44549	237.596	1489.63	
7.46384	237.565	1489.79	
7.48774	237.571	1489.76	
7.41927	237.572	1489.79	
7.41994	237.575	1489.78	
107.374	237.124	1486.92	
107.392	237.106	1486.98	
107.377	237.087	1487.2	
107.399	237.087	1487.17	
107.358	237.113	1486.99	
107.335	237.111	1487	
107.41	237.101	1487.05	
107.402	237.105	1487.08	
107.36	237.084	1487.16	
107.436	237.105	1487.12	
107.378	237.105	1486.99	
107.38	237.123	1486.94	
107.366	237.099	1487.05	
107.385	237.12	1486.92	
107.413	237.083	1487.18	
107.43	237.113	1486.95	
107.395	237.102	1487.07	
107.36	237.097	1487	
107.394	237.084	1487.23	
107.412	237.102	1487.05	
107.432	237.121	1486.96	
107.373	237.106	1487	
107.403	237.088	1487.15	
107.414	237.09	1487.16	
107.357	237.111	1486.98	
107.405	237.097	1487.07	
107.418	237.084	1487.16	
107.425	237.1	1487.06	
107.414	237.091	1487.09	
107.416	237.107	1487.01	
107.4	237.097	1487.07	
107.355	237.111	1487.02	
107.402	237.101	1487.01	
107.364	237.106	1487.01	
107.4	237.111	1486.98	
107.413	237.095	1487.15	
107.386	237.102	1487.03	
107.395	237.104	1487.01	
107.422	237.105	1487.02	
107.362	237.107	1487.01	
107.385	237.094	1487.09	
107.405	237.098	1487.07	
107.408	237.074	1487.22	
107.401	237.105	1486.99	
107.412	237.096	1487.09	
107.349	237.119	1486.91	
107.391	237.105	1487.03	
107.406	237.092	1487.13	
107.378	237.115	1486.98	
107.408	237.102	1487.03	
107.412	237.101	1487.08	
107.406	237.104	1487.04	
107.439	237.093	1487.12	
107.41	237.091	1487.15	
107.347	237.086	1487.16	
107.381	237.106	1487.08	
107.405	237.102	1487.1	
107.385	237.111	1487.04	
107.37	237.12	1486.96	
107.407	237.118	1487.02	
107.4	237.099	1487.07	
107.36	237.1	1487.05	
107.437	237.09	1487.15	
107.417	237.098	1487.08	
107.388	237.102	1487.03	
107.409	237.097	1487.05	
107.373	237.103	1487.06	
107.379	237.114	1487	
107.385	237.118	1486.94	
107.382	237.109	1487.01	
107.382	237.118	1486.99	
107.371	237.117	1486.98	
107.403	237.093	1487.03	
107.37	237.107	1486.96	
107.429	237.104	1487.02	
107.374	237.098	1487.03	
107.394	237.095	1487.12	
107.38	237.118	1486.95	
107.425	237.096	1487.11	
107.439	237.107	1486.98	
107.365	237.1	1487.02	
107.392	237.094	1487.08	
107.362	237.107	1487.01	
107.443	237.077	1487.21	
107.355	237.114	1486.98	
107.368	237.082	1487.17	
107.4	237.104	1487.05	
107.383	237.089	1487.12	
107.384	237.105	1487.02	
107.426	237.098	1487.01	
107.389	237.087	1487.13	
107.385	237.105	1487.02	
107.456	237.101	1487.03	
107.413	237.118	1486.98	
107.401	237.109	1487.01	
107.371	237.105	1487.03	
107.363	237.103	1487.03	
107.396	237.11	1487.02	
107.391	237.095	1487.07	
107.385	237.105	1487.04	
107.367	237.105	1487.05	
107.39	237.113	1487.06	
107.413	237.09	1487.08	
107.404	237.1	1487.05	
107.367	237.106	1486.99	
107.367	237.117	1486.95	
107.421	237.089	1487.11	
107.397	237.098	1487.1	
107.377	237.109	1487.01	
107.358	237.122	1486.91	
107.414	237.119	1486.91	
107.409	237.097	1487.06	
107.398	237.117	1486.94	
107.379	237.096	1487.11	
107.394	237.104	1486.99	
107.41	237.113	1487.05	
107.404	237.103	1487.07	
107.39	237.117	1486.97	
107.37	237.098	1487.08	
107.364	237.113	1486.94	
107.358	237.1	1487.04	
107.349	237.094	1487.08	
107.39	237.113	1487.03	
107.371	237.115	1486.97	
107.365	237.117	1486.93	
107.354	237.124	1486.89	
107.381	237.107	1486.97	
107.401	237.113	1487	
107.369	237.1	1487.11	
107.35	237.097	1487.04	
107.365	237.114	1486.96	
107.357	237.106	1487	
107.355	237.094	1487.07	
107.386	237.088	1487.1	
107.325	237.1	1487.04	
107.325	237.103	1487	
107.357	237.081	1487.16	
107.386	237.09	1487.15	
107.429	237.074	1487.28	
107.396	237.11	1487.02	
107.406	237.084	1487.12	
107.371	237.105	1487.06	
107.323	237.129	1486.86	
107.355	237.117	1486.91	
107.348	237.105	1487.02	
107.418	237.089	1487.16	
107.367	237.096	1487.06	
107.46	237.086	1487.17	
107.322	237.118	1486.96	
107.314	237.118	1486.93	
107.404	237.084	1487.16	
107.36	237.119	1487.01	
107.383	237.107	1487.02	
107.39	237.126	1486.93	
107.412	237.102	1487.14	
107.401	237.091	1487.14	
107.342	237.117	1486.95	
107.365	237.107	1487.02	
107.41	237.101	1487.06	
107.377	237.123	1486.94	
107.392	237.102	1487.06	
107.338	237.111	1486.96	
107.321	237.119	1486.93	
107.344	237.121	1486.96	
107.339	237.108	1487.04	
107.331	237.104	1487	
107.392	237.094	1487.05	
107.396	237.105	1487.06	
107.375	237.133	1486.84	
107.338	237.109	1486.94	
107.441	237.105	1486.99	
107.379	237.125	1486.88	
107.345	237.08	1487.22	
107.392	237.114	1486.99	
107.366	237.102	1486.99	
107.331	237.094	1487.07	
107.383	237.12	1486.9	
107.345	237.113	1486.95	
107.374	237.097	1487.03	
107.359	237.082	1487.09	
107.33	237.115	1486.96	
107.38	237.098	1487.13	
107.395	237.112	1487.06	
107.346	237.114	1486.99	
107.331	237.11	1486.93	
107.314	237.133	1486.83	
107.341	237.104	1487.03	
107.382	237.129	1486.94	
107.417	237.074	1487.2	
107.37	237.103	1487.02	
107.383	237.089	1487.14	
107.354	237.11	1486.98	
107.339	237.125	1486.91	
107.356	237.101	1487.13	
107.365	237.096	1487.09	
107.389	237.111	1486.99	
107.393	237.106	1486.99	
107.374	237.143	1486.9	
107.366	237.098	1487.02	
107.3	237.134	1486.82	
107.385	237.098	1487.05	
107.361	237.095	1487.05	
107.336	237.091	1487.04	
107.353	237.093	1487.1	
107.401	237.083	1487.13	
107.377	237.113	1487	
107.368	237.129	1486.89	
107.393	237.102	1487.05	
107.383	237.099	1487.01	
107.381	237.099	1487.04	
107.403	237.08	1487.14	
107.337	237.106	1486.95	
107.334	237.114	1486.92	
107.367	237.113	1486.96	
107.367	237.128	1486.88	
107.341	237.109	1487	
107.345	237.1	1487.03	
107.338	237.115	1486.94	
107.339	237.132	1486.85	
107.325	237.115	1486.97	
107.434	237.079	1487.21	
107.355	237.109	1486.97	
107.395	237.098	1487.01	
107.427	237.094	1487.12	
107.428	237.099	1487.06	
107.377	237.104	1487.04	
107.421	237.097	1487.13	
107.328	237.129	1486.88	
107.345	237.092	1487.11	
107.357	237.123	1486.92	
107.427	237.095	1487.08	
107.296	237.084	1487.09	
107.406	237.105	1486.97	
107.339	237.109	1486.99	
107.324	237.103	1486.99	
107.341	237.108	1486.97	
107.363	237.095	1487.03	
107.335	237.107	1486.95	
107.371	237.1	1487.02	
107.331	237.116	1486.89	
7.49007	237.553	1489.9	
7.46895	237.563	1489.81	
7.40111	237.589	1489.75	
7.41493	237.572	1489.86	
7.42409	237.56	1489.85	
7.45497	237.567	1489.94	
7.44729	237.54	1489.99	
7.48834	237.544	1490	
7.47866	237.548	1490	
7.47319	237.567	1489.83	
7.46152	237.557	1489.9	
7.49231	237.551	1489.93	
7.45381	237.573	1489.81	
7.44274	237.579	1489.74	
7.5109	237.56	1489.9	
7.45502	237.558	1489.93	
7.49709	237.535	1490.05	
7.49317	237.556	1489.97	
7.43935	237.567	1489.82	
7.46552	237.548	1489.97	
7.48762	237.566	1489.8	
7.47863	237.57	1489.77	
7.51141	237.518	1490.11	
7.42807	237.575	1489.87	
7.4194	237.552	1489.9	
7.47859	237.551	1489.93	
7.44954	237.566	1489.79	
7.42272	237.543	1489.95	
7.45077	237.565	1489.83	
7.42709	237.553	1489.89	
7.43822	237.587	1489.74	
7.44509	237.569	1489.85	
7.44586	237.546	1489.98	
7.42604	237.554	1489.9	
7.42531	237.56	1489.86	
7.46073	237.575	1489.77	
7.494	237.572	1489.75	
7.40365	237.607	1489.59	
7.44636	237.557	1489.89	
7.44021	237.55	1489.97	
7.43716	237.549	1489.96	
7.3979	237.559	1489.84	
7.47637	237.54	1489.95	
7.4441	237.555	1489.87	
7.39846	237.598	1489.68	
7.47038	237.552	1489.96	
7.45766	237.578	1489.84	
7.47258	237.539	1490.03	
7.40187	237.547	1489.94	
7.41266	237.536	1490.01	
7.48706	237.558	1489.85	
7.45976	237.559	1489.83	
7.43179	237.572	1489.77	
7.48567	237.578	1489.74	
7.48114	237.545	1489.95	
7.56361	237.527	1490.06	
7.42288	237.572	1489.76	
7.39168	237.602	1489.61	
7.41692	237.566	1489.76	
7.47592	237.556	1489.85	
7.40425	237.603	1489.6	
7.47023	237.549	1489.92	
7.51516	237.543	1490.01	
7.38987	237.563	1489.84	
7.4343	237.55	1489.91	
7.44053	237.574	1489.8	
7.38216	237.56	1489.82	
7.42356	237.55	1489.91	
7.43236	237.558	1489.92	
7.49463	237.56	1489.82	
7.38589	237.572	1489.86	
7.37482	237.588	1489.75	
7.48608	237.551	1489.96	
7.4369	237.556	1489.9	
7.40781	237.582	1489.79	
7.45902	237.552	1489.85	
7.51403	237.542	1489.96	
7.45257	237.579	1489.79	
7.42914	237.582	1489.7	
7.45928	237.551	1489.92	
7.54318	237.563	1489.86	
7.4446	237.566	1489.81	
7.40217	237.571	1489.85	
7.4654	237.558	1489.85	
7.36434	237.59	1489.73	
7.40553	237.57	1489.78	
7.43614	237.543	1489.91	
7.38237	237.579	1489.7	
7.51153	237.571	1489.72	
7.47294	237.562	1489.88	
7.4681	237.538	1489.97	
7.4404	237.587	1489.7	
7.51076	237.542	1489.95	
7.43262	237.542	1489.94	
7.45128	237.57	1489.8	
7.43365	237.583	1489.73	
7.46212	237.572	1489.79	
7.44982	237.568	1489.78	
7.47929	237.548	1489.98	
7.44033	237.53	1490.04	
7.5098	237.549	1489.87	
7.45879	237.585	1489.71	
7.42482	237.564	1489.84	
7.50078	237.542	1490.07	
7.51494	237.552	1489.93	
7.51296	237.528	1490.02	
7.46069	237.544	1490	
7.509	237.551	1489.92	
7.45323	237.542	1490.04	
7.45767	237.576	1489.81	
7.47632	237.56	1489.8	
7.49653	237.563	1489.85	
7.42044	237.527	1490.03	
7.44499	237.554	1489.88	
7.48584	237.576	1489.76	
7.44798	237.594	1489.7	
7.48779	237.564	1489.78	
7.45729	237.555	1489.89	
7.39456	237.564	1489.84	
7.49753	237.544	1489.92	
7.41352	237.531	1489.95	
7.4336	237.547	1489.91	
7.42908	237.548	1489.96	
7.42667	237.557	1489.98	
7.42927	237.542	1489.97	
7.52234	237.544	1489.97	
7.39375	237.562	1489.84	
7.52986	237.552	1489.91	
7.4801	237.542	1489.99	
7.49525	237.547	1489.91	
7.4385	237.562	1489.89	
7.40981	237.572	1489.81	
7.51889	237.545	1489.92	
7.4184	237.592	1489.73	
7.51615	237.565	1489.88	
7.46321	237.515	1490.11	
7.41824	237.579	1489.74	
7.48407	237.529	1490.06	
7.48474	237.548	1489.96	
7.48286	237.526	1490.09	
7.50266	237.504	1490.24	
7.46699	237.565	1489.85	
7.49602	237.548	1489.99	
7.39706	237.557	1489.96	
7.43379	237.527	1489.97	
7.48753	237.548	1489.96	
7.47009	237.57	1489.8	
7.50465	237.552	1489.88	
7.49268	237.53	1490.05	
7.43621	237.557	1489.85	
7.49158	237.526	1490.1	
7.46882	237.555	1489.88	
7.40853	237.542	1489.99	
7.46641	237.554	1489.92	
7.51722	237.538	1490.03	
7.60705	237.524	1490.01	
7.45706	237.566	1489.82	
7.51259	237.529	1490.06	
7.47429	237.542	1489.95	
7.54089	237.542	1489.94	
7.4558	237.584	1489.78	
7.4663	237.559	1489.84	
7.53796	237.538	1490	
7.4219	237.554	1489.96	
7.44615	237.536	1489.98	
7.45333	237.568	1489.82	
7.44559	237.595	1489.73	
7.43904	237.517	1490.14	
7.55375	237.519	1490.16	
7.43325	237.56	1489.9	
7.48893	237.55	1489.98	
7.45944	237.565	1489.87	
7.52515	237.541	1490.03	
7.49178	237.531	1490.03	
7.45275	237.563	1489.84	
7.41325	237.552	1489.94	
7.41386	237.512	1490.08	
7.43029	237.556	1489.86	
7.40326	237.542	1489.96	
7.51057	237.522	1490.08	
7.379	237.588	1489.71	
7.47253	237.54	1489.98	
7.44248	237.536	1489.99	
7.48518	237.583	1489.82	
7.44871	237.53	1490.05	
7.44553	237.57	1489.83	
7.44486	237.526	1490.1	
7.43669	237.523	1490.11	
7.50588	237.546	1489.99	
7.47436	237.542	1490.01	
7.41634	237.586	1489.72	
7.494	237.517	1490.12	
7.43069	237.594	1489.72	
7.46661	237.575	1489.76	
7.53908	237.58	1489.85	
7.41356	237.536	1490.08	
7.51013	237.531	1490.01	
7.4409	237.537	1489.9	
7.42481	237.517	1490.13	
7.55791	237.579	1489.74	
7.46433	237.547	1489.96	
7.46817	237.548	1489.94	
7.45625	237.551	1489.95	
7.39618	237.528	1490.01	
7.45159	237.526	1490.07	
7.52728	237.536	1490	
7.45122	237.554	1489.85	
7.49332	237.542	1489.96	
7.52783	237.562	1489.84	
7.50372	237.553	1489.89	
7.51419	237.536	1489.96	
7.42257	237.542	1489.93	
7.40826	237.542	1490.02	
7.40075	237.545	1489.95	
7.39288	237.522	1490.17	
7.49009	237.54	1490.03	
7.44883	237.557	1489.91	
7.46347	237.536	1490.1	
7.38181	237.527	1490.05	
7.45595	237.514	1490.11	
7.51536	237.546	1489.91	
7.43155	237.539	1490.03	
7.47614	237.533	1490.05	
7.50267	237.545	1489.94	
7.42207	237.59	1489.79	
7.42656	237.536	1490.06	
7.58715	237.545	1489.98	
7.47195	237.569	1489.84	
7.57417	237.524	1490.1	
7.50176	237.516	1490.13	
7.46493	237.548	1489.93	
7.46422	237.523	1490.07	
7.42712	237.559	1489.85	
7.45124	237.546	1490.01	
7.4302	237.556	1489.9	
7.41957	237.533	1489.98	
7.48409	237.54	1489.99	
7.47376	237.532	1489.97	
7.47652	237.549	1489.9	
7.4891	237.564	1489.97	
107.371	237.08	1487.21	
107.45	237.102	1487.08	
107.401	237.092	1487.05	
107.381	237.064	1487.24	
107.385	237.082	1487.22	
107.439	237.086	1487.25	
107.396	237.121	1486.91	
107.371	237.109	1487.02	
107.368	237.081	1487.13	
107.409	237.107	1487.04	
107.378	237.096	1487.09	
107.438	237.092	1487.1	
107.396	237.098	1487.03	
107.398	237.092	1487.1	
107.304	237.102	1487.01	
107.31	237.099	1487.02	
107.45	237.049	1487.36	
107.398	237.068	1487.17	
107.32	237.109	1487	
107.338	237.105	1487.05	
107.44	237.079	1487.22	
107.427	237.071	1487.21	
107.376	237.099	1487.01	
107.357	237.087	1487.14	
107.312	237.106	1487.05	
107.439	237.103	1487.01	
107.4	237.079	1487.14	
107.381	237.076	1487.21	
107.382	237.092	1487.2	
107.387	237.1	1487.07	
107.375	237.081	1487.18	
107.473	237.064	1487.28	
107.4	237.076	1487.24	
107.369	237.097	1487.01	
107.411	237.071	1487.3	
107.371	237.081	1487.17	
107.356	237.087	1487.08	
107.419	237.087	1487.14	
107.376	237.078	1487.17	
107.337	237.086	1487.12	
107.452	237.09	1487.15	
107.436	237.056	1487.3	
107.332	237.086	1487.13	
107.391	237.077	1487.16	
107.375	237.112	1487	
107.373	237.081	1487.14	
107.369	237.109	1487.02	
107.318	237.079	1487.19	
107.399	237.09	1487.1	
107.426	237.092	1487.06	
107.384	237.094	1487.15	
107.368	237.09	1487.15	
107.413	237.084	1487.17	
107.383	237.093	1487.1	
107.337	237.125	1486.88	
107.386	237.106	1487.04	
107.44	237.105	1487.01	
107.395	237.094	1487.04	
107.396	237.085	1487.18	
107.366	237.099	1487.1	
107.37	237.116	1486.98	
107.343	237.09	1487.11	
107.374	237.087	1487.11	
107.353	237.08	1487.16	
107.351	237.105	1487.01	
107.446	237.105	1487.06	
107.398	237.097	1487.01	
107.43	237.07	1487.24	
107.419	237.08	1487.14	
107.334	237.08	1487.18	
107.41	237.089	1487.12	
107.401	237.1	1487.06	
107.388	237.061	1487.32	
107.4	237.059	1487.24	
107.365	237.094	1487.1	
107.366	237.104	1487.01	
107.437	237.084	1487.1	
107.418	237.099	1487.07	
107.399	237.092	1487.08	
107.412	237.088	1487.12	
107.365	237.099	1487.12	
107.4	237.073	1487.25	
107.406	237.08	1487.26	
107.4	237.076	1487.21	
107.337	237.111	1487.01	
107.361	237.069	1487.2	
107.381	237.1	1487.12	
107.404	237.094	1487.2	
107.374	237.081	1487.15	
107.363	237.076	1487.18	
107.361	237.083	1487.19	
107.325	237.125	1486.89	
107.404	237.1	1487.06	
107.379	237.106	1487.04	
107.423	237.079	1487.19	
107.429	237.089	1487.15	
107.409	237.077	1487.23	
107.413	237.089	1487.13	
107.387	237.088	1487.07	
107.381	237.081	1487.17	
107.432	237.064	1487.24	
107.391	237.091	1487.09	
107.432	237.09	1487.08	
107.386	237.091	1487.09	
107.419	237.104	1487.04	
107.389	237.083	1487.19	
107.386	237.088	1487.11	
107.387	237.095	1487.12	
107.463	237.069	1487.26	
107.317	237.093	1487.02	
107.405	237.077	1487.18	
107.414	237.09	1487.1	
107.387	237.08	1487.19	
107.363	237.068	1487.22	
107.433	237.082	1487.11	
107.339	237.115	1486.95	
107.379	237.091	1487.13	
107.354	237.113	1486.98	
107.387	237.065	1487.22	
107.395	237.102	1487.06	
107.521	237.063	1487.15	
107.44	237.091	1487.05	
107.349	237.059	1487.28	
107.359	237.095	1487	
107.408	237.096	1487.09	
107.399	237.046	1487.35	
107.363	237.098	1486.99	
107.401	237.111	1486.96	
107.402	237.086	1487.1	
107.49	237.055	1487.31	
107.374	237.072	1487.12	
107.375	237.049	1487.27	
107.384	237.071	1487.11	
107.388	237.092	1487.03	
107.394	237.067	1487.16	
107.427	237.096	1487.04	
107.433	237.028	1487.43	
107.433	237.099	1487	
107.399	237.068	1487.14	
107.411	237.073	1487.19	
107.451	237.058	1487.34	
107.411	237.095	1487.08	
107.433	237.087	1487.12	
107.46	237.082	1487.17	
107.319	237.059	1487.16	
107.34	237.093	1487.04	
107.378	237.099	1487.06	
107.529	237.064	1487.22	
107.426	237.065	1487.17	
107.263	237.126	1486.82	
107.423	237.064	1487.27	
107.379	237.109	1486.94	
107.451	237.086	1487.13	
107.366	237.069	1487.14	
107.428	237.094	1487.08	
107.403	237.093	1487.04	
107.433	237.087	1487.09	
107.53	237.048	1487.39	
107.498	237.058	1487.23	
107.434	237.09	1486.97	
107.491	237.089	1487.08	
107.444	237.09	1487.06	
107.452	237.07	1487.18	
107.369	237.108	1486.92	
107.529	237.054	1487.36	
107.498	237.061	1487.19	
107.402	237.072	1487.06	
107.411	237.073	1487.19	
107.456	237.068	1487.26	
107.325	237.088	1487.07	
107.537	237.141	1486.81	
107.428	237.077	1487.12	
107.4	237.067	1487.22	
107.412	237.048	1487.28	
107.331	237.106	1486.94	
107.332	237.084	1487.1	
107.44	237.097	1487.06	
107.424	237.043	1487.36	
107.361	237.078	1487.08	
107.424	237.087	1487.02	
107.423	237.071	1487.2	
107.341	237.072	1487.11	
107.375	237.099	1487.05	
107.413	237.082	1487.15	
107.427	237.075	1487.1	
107.442	237.087	1487.13	
107.359	237.076	1487.15	
107.363	237.062	1487.14	
107.403	237.087	1487	
107.42	237.088	1487.01	
107.411	237.073	1487.16	
107.414	237.065	1487.19	
107.537	237.011	1487.49	
107.469	237.08	1487.07	
107.345	237.086	1487.04	
107.39	237.076	1487.13	
107.46	237.065	1487.2	
107.366	237.059	1487.23	
107.38	237.078	1487.1	
107.409	237.058	1487.24	
107.32	237.098	1486.94	
107.358	237.116	1486.82	
107.421	237.093	1487.02	
107.47	237.035	1487.39	
107.415	237.093	1487.08	
107.424	237.086	1487.07	
107.477	237.062	1487.24	
107.294	237.087	1487	
107.427	237.078	1487.08	
107.347	237.098	1487.08	
107.437	237.088	1487.11	
107.395	237.061	1487.2	
107.465	237.098	1486.97	
107.395	237.054	1487.22	
107.404	237.065	1487.11	
107.397	237.082	1487.12	
107.5	237.076	1487.22	
107.385	237.079	1487.09	
107.484	237.072	1487.2	
107.388	237.096	1487.08	
107.467	237.078	1487.12	
107.333	237.078	1487.12	
107.408	237.071	1487.2	
107.374	237.111	1486.94	
107.495	237.089	1487.09	
107.363	237.062	1487.22	
107.385	237.06	1487.2	
107.468	237.057	1487.27	
107.417	237.074	1487.1	
107.359	237.096	1486.96	
107.398	237.057	1487.3	
107.411	237.082	1487.15	
107.4	237.075	1487.09	
107.445	237.061	1487.18	
107.422	237.075	1487.12	
107.457	237.069	1487.21	
107.364	237.076	1487.05	
107.432	237.029	1487.46	
107.482	237.054	1487.18	
107.438	237.067	1487.17	
7.54536	237.507	1490.23	
7.66897	237.529	1490.06	
7.46948	237.556	1489.92	
7.48278	237.538	1490.15	
7.43483	237.563	1490.03	
7.53121	237.511	1490.3	
7.65918	237.451	1490.51	
7.59754	237.496	1490.44	
7.38897	237.577	1489.92	
7.51655	237.506	1490.26	
7.52091	237.535	1490.1	
7.48444	237.556	1490.02	
7.42144	237.532	1490.23	
7.57458	237.53	1490.15	
7.52562	237.525	1490.11	
7.52696	237.511	1490.31	
7.46051	237.554	1490.07	
7.55043	237.528	1490.2	
7.48336	237.524	1490.24	
7.53975	237.5	1490.34	
7.44657	237.551	1490.04	
7.46174	237.539	1490.1	
7.5618	237.495	1490.41	
7.50355	237.472	1490.43	
7.6867	237.505	1490.26	
7.46289	237.543	1490.16	
7.39382	237.536	1490.16	
7.55897	237.561	1490.05	
7.48852	237.528	1490.14	
7.52383	237.483	1490.46	
7.48134	237.55	1490.03	
7.4827	237.54	1490.1	
7.45358	237.59	1489.79	
7.46121	237.548	1489.99	
7.52043	237.561	1490.01	
7.52724	237.546	1490.05	
7.40251	237.557	1489.88	
7.5829	237.521	1490.16	
7.51284	237.5	1490.3	
7.40821	237.505	1490.32	
7.41577	237.531	1490.15	
7.44647	237.56	1489.95	
7.47812	237.521	1490.21	
7.47071	237.51	1490.36	
7.48222	237.535	1490.07	
7.37689	237.548	1490.02	
7.48641	237.558	1489.95	
7.45147	237.504	1490.33	
7.50348	237.527	1490.14	
7.53143	237.548	1490.04	
7.63532	237.501	1490.26	
7.47974	237.564	1489.9	
7.44895	237.521	1490.2	
7.365	237.526	1490.21	
7.44807	237.528	1490.22	
7.52944	237.533	1490.13	
7.45701	237.519	1490.27	
7.47856	237.543	1490.1	
7.4887	237.536	1490.06	
7.54447	237.531	1490.16	
7.53482	237.527	1490.14	
7.40849	237.544	1490.1	
7.51388	237.54	1490.13	
7.60596	237.503	1490.26	
7.42105	237.538	1490.03	
7.4811	237.553	1490.01	
7.53925	237.522	1490.14	
7.44402	237.55	1490.04	
7.53102	237.541	1490.13	
7.49178	237.522	1490.27	
7.55297	237.529	1490.17	
7.52641	237.507	1490.3	
7.64043	237.478	1490.43	
7.4175	237.526	1490.17	
7.42928	237.576	1489.96	
7.46141	237.526	1490.29	
7.53614	237.571	1490	
7.54502	237.569	1490.04	
7.61351	237.504	1490.28	
7.51456	237.534	1490.16	
7.54473	237.548	1490.1	
7.47527	237.522	1490.24	
7.42357	237.57	1489.96	
7.43998	237.548	1490.02	
7.458	237.555	1490.09	
7.56805	237.561	1489.94	
7.54795	237.488	1490.32	
7.50972	237.528	1490.24	
7.49423	237.559	1490.04	
7.45707	237.542	1490.12	
7.55141	237.547	1490.04	
7.41861	237.551	1490.01	
7.51447	237.551	1490.07	
7.47994	237.544	1490.07	
7.41721	237.518	1490.15	
7.34688	237.578	1489.93	
7.54182	237.474	1490.5	
7.4869	237.582	1489.94	
7.47708	237.551	1490.07	
7.53581	237.536	1490.11	
7.60001	237.54	1490.06	
7.52533	237.524	1490.18	
7.61631	237.531	1490.14	
7.58612	237.465	1490.47	
7.51872	237.546	1490.11	
7.55309	237.519	1490.15	
7.41965	237.548	1490.13	
7.4643	237.548	1490.06	
7.56714	237.582	1489.87	
7.4663	237.559	1490.01	
7.54804	237.514	1490.25	
7.63716	237.519	1490.24	
7.39211	237.531	1490.15	
7.46419	237.552	1490.06	
7.39099	237.554	1490.05	
7.64227	237.506	1490.3	
7.58397	237.526	1490.15	
7.56652	237.486	1490.32	
7.57631	237.514	1490.33	
7.57148	237.536	1490.16	
7.40888	237.582	1489.81	
7.40917	237.562	1489.95	
7.25311	237.593	1489.82	
7.20313	237.605	1489.6	
7.27886	237.606	1489.69	
7.64269	237.531	1490.26	
7.64798	237.546	1489.98	
7.30475	237.575	1489.83	
7.68226	237.565	1489.92	
7.61315	237.575	1489.9	
7.34744	237.635	1489.53	
7.54	237.604	1489.72	
7.40988	237.536	1490.06	
7.67662	237.508	1490.32	
7.49241	237.515	1490.13	
7.68424	237.515	1490.26	
7.77721	237.484	1490.39	
7.28808	237.65	1489.41	
7.26493	237.556	1489.98	
7.58935	237.498	1490.29	
8.00315	237.501	1490.24	
7.47431	237.581	1490.01	
7.43303	237.567	1490	
7.367	237.608	1489.68	
7.48721	237.62	1489.66	
7.3407	237.587	1489.78	
7.20716	237.603	1489.88	
7.31089	237.641	1489.6	
7.38781	237.645	1489.57	
7.56097	237.56	1490.1	
7.57792	237.563	1490.03	
7.54542	237.575	1490.03	
7.45596	237.554	1490.03	
7.37857	237.68	1489.21	
7.64945	237.535	1490.09	
7.52914	237.553	1490.03	
7.53078	237.568	1490.08	
7.46304	237.558	1490.06	
7.35388	237.614	1489.69	
7.53572	237.473	1490.6	
7.81633	237.503	1490.27	
7.59334	237.502	1490.37	
7.48659	237.593	1489.91	
7.54074	237.531	1490.25	
7.69011	237.46	1490.58	
7.72779	237.474	1490.42	
7.62275	237.552	1490.04	
7.73161	237.517	1490.25	
7.44033	237.563	1490	
7.24321	237.548	1490.05	
7.65173	237.548	1490.18	
7.24218	237.639	1489.46	
7.71517	237.58	1489.85	
7.47646	237.554	1489.9	
7.59921	237.534	1490.16	
7.58015	237.521	1490.28	
7.63011	237.568	1490.01	
7.59802	237.571	1490.02	
7.47728	237.585	1489.84	
7.40467	237.569	1489.96	
7.59915	237.533	1490	
7.51744	237.541	1490.19	
7.42894	237.566	1490.02	
7.39839	237.59	1489.85	
7.71724	237.509	1490.28	
7.39556	237.641	1489.49	
7.72323	237.541	1490.17	
7.36652	237.548	1490.05	
7.61436	237.556	1490.05	
7.5212	237.588	1489.95	
7.68842	237.51	1490.33	
7.26095	237.566	1489.88	
7.95864	237.477	1490.49	
7.50131	237.561	1490.06	
7.47842	237.556	1490.07	
7.77118	237.463	1490.62	
7.61003	237.571	1489.99	
7.39379	237.596	1489.82	
7.45156	237.527	1490.25	
7.63185	237.462	1490.41	
7.28074	237.614	1489.75	
7.6247	237.506	1490.09	
7.76207	237.47	1490.54	
7.60576	237.554	1490.02	
7.47427	237.563	1489.94	
7.43933	237.552	1490.06	
7.42824	237.551	1490.03	
7.67124	237.522	1490.22	
7.42557	237.539	1490.09	
7.41861	237.525	1490.11	
7.45862	237.491	1490.29	
7.34671	237.632	1489.55	
7.41719	237.507	1490.17	
7.47212	237.563	1489.96	
7.77089	237.488	1490.45	
7.74354	237.481	1490.24	
7.36095	237.624	1489.54	
7.64161	237.517	1490.21	
7.82387	237.427	1490.79	
7.46209	237.543	1490.21	
7.47561	237.541	1490.2	
7.65592	237.526	1490.33	
7.53248	237.562	1490.02	
7.63428	237.512	1490.15	
7.70012	237.558	1489.93	
7.63956	237.514	1490.33	
7.61184	237.548	1490.03	
7.76167	237.508	1490.3	
7.55174	237.548	1490.09	
7.69746	237.487	1490.36	
7.66656	237.481	1490.42	
7.55501	237.549	1490.25	
7.60405	237.507	1490.24	
7.56889	237.514	1490.28	
7.60206	237.604	1489.82	
7.71782	237.509	1490.23	
7.59814	237.537	1490.16	
7.68839	237.514	1490.35	
7.47855	237.598	1489.78	
7.6632	237.589	1489.71	
107.453	237.093	1487.05	
107.617	237.096	1486.97	
107.533	237.087	1487.08	
107.414	237.073	1487.02	
107.5	237.106	1486.98	
107.419	237.167	1486.56	
107.293	237.09	1486.88	
107.522	237.064	1487.1	
107.488	237.06	1487.15	
107.509	237.122	1486.84	
107.494	237.06	1487.18	
107.241	237.153	1486.52	
107.593	237.047	1487.3	
107.506	237.11	1486.87	
107.528	237.097	1486.98	
107.385	237.112	1486.86	
107.583	237.119	1486.93	
107.595	237.087	1487.04	
107.509	237.111	1486.97	
107.316	237.095	1487.06	
107.377	237.032	1487.36	
107.669	237.081	1487.15	
107.424	237.191	1486.43	
107.569	237.053	1487.12	
107.584	237.039	1487.27	
107.297	237.142	1486.57	
107.508	237.119	1486.78	
107.34	237.137	1486.77	
107.261	237.183	1486.47	
107.462	237.082	1487.08	
107.362	237.162	1486.55	
107.513	237.078	1487.03	
107.381	237.135	1486.6	
107.343	237.12	1486.83	
107.652	237.125	1486.7	
107.596	237.088	1487.09	
107.508	237.104	1486.99	
107.676	237.06	1487.32	
107.434	237.13	1486.88	
107.429	237.097	1486.95	
107.518	237.12	1486.91	
107.265	237.153	1486.71	
107.35	237.155	1486.6	
107.627	237.089	1487.1	
107.435	237.116	1486.87	
107.302	237.131	1486.71	
107.296	237.137	1486.71	
107.64	237.108	1486.93	
107.631	237.091	1487.03	
107.268	237.141	1486.59	
107.438	237.091	1487	
107.484	237.083	1487.09	
107.576	237.113	1486.77	
107.478	237.127	1486.77	
107.483	237.125	1486.83	
107.599	237.125	1486.77	
107.369	237.14	1486.68	
107.567	237.011	1487.48	
107.676	237.119	1486.85	
107.469	237.047	1487.29	
107.269	237.151	1486.7	
107.48	237.102	1486.94	
107.209	237.201	1486.39	
107.586	237.076	1487.11	
107.338	237.106	1486.84	
107.539	237.123	1486.83	
107.436	237.109	1486.9	
107.199	237.179	1486.42	
107.454	237.112	1486.84	
107.384	237.12	1486.81	
107.43	237.108	1486.99	
107.541	237.112	1486.92	
107.546	237.055	1487.27	
107.505	237.08	1487.16	
107.558	237.087	1487.11	
107.494	237.101	1487.02	
107.546	237.066	1487.19	
107.522	237.08	1487.14	
107.633	237.165	1486.63	
107.5	237.102	1487.04	
107.45	237.114	1486.92	
107.495	237.114	1486.82	
107.59	237.09	1487.15	
107.549	237.125	1486.83	
107.524	237.078	1487.04	
107.578	237.056	1487.25	
107.529	237.075	1487.15	
107.476	237.095	1487.04	
107.363	237.154	1486.58	
107.209	237.161	1486.56	
107.372	237.152	1486.7	
107.208	237.18	1486.42	
107.595	237.087	1487.03	
107.585	237.113	1486.93	
107.329	237.114	1486.83	
107.465	237.072	1487.04	
107.505	237.069	1487.19	
107.391	237.047	1487.26	
107.294	237.162	1486.56	
107.51	237.04	1487.39	
107.347	237.107	1486.89	
107.474	237.144	1486.76	
107.664	237.04	1487.33	
107.267	237.154	1486.57	
107.582	237.059	1487.18	
107.327	237.123	1486.75	
107.329	237.192	1486.44	
107.525	237.056	1487.39	
107.316	237.194	1486.36	
107.554	237.102	1486.95	
107.41	237.096	1486.99	
107.218	237.177	1486.52	
107.367	237.166	1486.53	
107.655	237.066	1487.06	
107.501	237.13	1486.88	
107.586	237.094	1486.96	
107.825	237.08	1487.16	
107.598	237.063	1487.37	
107.561	237.124	1486.9	
107.541	237.056	1487.32	
