106.927	281.943	1484.53	
106.878	281.891	1484.55	
106.876	281.925	1484.61	
106.907	281.922	1484.6	
106.928	281.934	1484.57	
106.923	281.914	1484.66	
106.9	281.937	1484.58	
106.888	281.852	1484.52	
106.878	281.963	1484.5	
106.943	281.963	1484.58	
106.905	281.947	1484.61	
106.946	281.919	1484.53	
106.934	281.917	1484.58	
106.897	281.978	1484.55	
106.943	281.949	1484.53	
106.928	281.888	1484.55	
106.939	282.009	1484.55	
106.913	282.072	1484.66	
106.896	281.954	1484.6	
106.933	281.932	1484.63	
106.89	281.916	1484.55	
106.961	281.932	1484.51	
106.901	281.922	1484.55	
106.942	281.952	1484.59	
106.931	281.781	1484.46	
106.91	281.915	1484.59	
106.945	281.944	1484.58	
106.9	281.933	1484.5	
106.928	281.956	1484.54	
106.889	281.922	1484.57	
106.941	281.933	1484.62	
106.915	281.837	1484.52	
106.88	281.82	1484.52	
106.931	281.937	1484.52	
106.952	281.937	1484.54	
106.91	281.973	1484.48	
106.927	281.941	1484.58	
106.916	281.953	1484.53	
106.915	281.927	1484.57	
106.908	281.953	1484.51	
106.916	281.905	1484.48	
106.906	281.956	1484.54	
106.895	281.995	1484.46	
106.952	281.946	1484.56	
106.924	281.941	1484.47	
106.95	281.936	1484.5	
106.936	281.938	1484.52	
106.957	281.967	1484.46	
106.952	281.859	1484.36	
106.963	281.95	1484.49	
106.719	281.782	1484.89	
106.941	281.958	1484.43	
106.944	281.955	1484.42	
106.947	281.953	1484.54	
106.94	281.952	1484.49	
106.884	281.925	1484.49	
106.918	281.902	1484.48	
106.908	281.945	1484.41	
106.958	281.961	1484.44	
106.918	281.952	1484.38	
82.1472	281.611	1480.94	
82.1672	281.627	1480.96	
82.1817	281.596	1481.01	
82.2357	281.626	1480.92	
82.1832	281.595	1481.01	
82.1507	281.636	1480.86	
82.1685	281.611	1480.94	
82.1531	281.64	1480.91	
82.1641	281.61	1480.96	
82.1515	281.579	1480.88	
82.2017	281.442	1480.89	
82.1917	281.535	1480.95	
82.154	281.726	1480.99	
82.1555	281.624	1480.93	
82.1608	281.614	1480.93	
82.125	281.626	1480.88	
82.1635	281.631	1480.95	
82.1407	281.594	1480.99	
82.1641	281.634	1480.97	
82.1914	281.644	1480.92	
82.1561	281.635	1480.86	
82.1823	281.645	1480.88	
82.1667	281.627	1480.91	
82.145	281.682	1480.99	
82.1462	281.575	1480.9	
82.126	281.558	1480.95	
82.1434	281.62	1480.92	
82.2417	281.661	1480.87	
82.1701	281.614	1480.9	
82.2326	281.646	1480.89	
82.146	281.629	1480.99	
82.2101	281.608	1480.87	
82.2391	281.65	1480.85	
82.2077	281.623	1480.9	
82.143	281.656	1480.96	
82.2272	281.649	1480.87	
82.2498	281.632	1480.78	
82.2107	281.604	1480.85	
82.1099	281.624	1480.91	
82.1319	281.63	1480.9	
82.1708	281.635	1480.85	
82.1589	281.618	1480.9	
82.1928	281.624	1480.84	
82.1513	281.61	1480.86	
82.1806	281.611	1480.93	
82.1784	281.659	1480.81	
82.1655	281.615	1480.89	
82.1634	281.613	1481	
82.1823	281.605	1480.95	
82.1337	281.608	1480.91	
82.1682	281.65	1480.8	
82.1392	281.626	1480.96	
82.1476	281.634	1480.9	
82.1654	281.618	1480.93	
82.1955	281.616	1480.94	
82.262	281.657	1480.87	
82.1482	281.659	1480.93	
82.2292	281.644	1480.84	
82.2097	281.632	1480.8	
82.1987	281.633	1480.86	
57.3866	281.184	1477.51	
57.4035	281.16	1477.47	
57.4279	281.15	1477.53	
57.3718	281.15	1477.56	
57.3812	281.201	1477.45	
57.3894	281.154	1477.55	
57.3659	281.183	1477.51	
57.3922	281.209	1477.5	
57.3874	281.222	1477.55	
57.3729	281.173	1477.51	
57.4088	281.167	1477.5	
57.3955	281.17	1477.5	
57.4015	281.174	1477.46	
57.3819	281.176	1477.49	
57.3361	281.183	1477.45	
57.3898	281.173	1477.5	
57.3719	281.158	1477.42	
57.383	281.158	1477.53	
57.3869	281.155	1477.48	
57.4055	281.195	1477.43	
57.3875	281.17	1477.52	
57.3964	281.173	1477.47	
57.3939	281.16	1477.48	
57.3775	281.151	1477.51	
57.4118	281.171	1477.45	
57.4041	281.138	1477.42	
57.3718	281.161	1477.53	
57.4259	281.272	1477.45	
57.3611	281.274	1477.55	
57.4086	281.23	1477.5	
57.3697	281.161	1477.56	
57.3852	281.183	1477.47	
57.3855	281.157	1477.44	
57.3649	281.158	1477.46	
57.3994	281.162	1477.51	
57.3851	281.129	1477.42	
57.3824	281.084	1477.38	
57.3963	281.102	1477.43	
57.3666	281.329	1477.57	
57.3873	281.163	1477.46	
57.3769	281.163	1477.5	
57.3567	281.196	1477.49	
57.373	281.176	1477.48	
57.3889	281.179	1477.47	
57.388	281.177	1477.5	
57.3716	281.197	1477.41	
57.3411	281.142	1477.47	
57.3648	281.143	1477.43	
57.3706	281.171	1477.51	
57.3902	281.205	1477.41	
57.3956	281.175	1477.41	
57.3587	281.145	1477.45	
57.3458	281.157	1477.43	
57.3872	281.157	1477.5	
57.3996	281.149	1477.56	
57.3581	281.153	1477.6	
57.3769	281.193	1477.39	
57.3849	281.159	1477.43	
57.3784	281.168	1477.43	
57.4121	281.184	1477.38	
32.5108	280.782	1474	
32.535	280.749	1474	
32.5761	280.955	1474.1	
32.5129	280.783	1473.96	
32.5628	280.796	1474.05	
32.5241	280.801	1473.95	
32.5236	280.788	1474.05	
32.5152	280.809	1473.98	
32.5589	280.806	1474.05	
32.5542	280.777	1474.04	
32.4948	280.81	1474.04	
32.522	280.796	1474.02	
32.5435	280.776	1474.06	
32.5421	280.776	1473.98	
32.5433	280.842	1474.07	
32.5442	280.799	1473.98	
32.5359	280.844	1474.08	
32.5618	280.767	1474.03	
32.5364	280.778	1473.97	
32.5289	280.828	1473.98	
32.5277	280.807	1473.99	
32.4894	280.807	1474.02	
32.537	280.791	1474.03	
32.5342	280.805	1473.97	
32.5377	280.838	1474.12	
32.5441	280.776	1474.02	
32.5807	280.734	1473.91	
32.538	280.795	1474.1	
32.5511	280.818	1473.98	
32.5302	280.82	1474.02	
32.472	280.792	1474.08	
32.54	280.811	1473.99	
32.5186	280.801	1474.03	
32.5301	280.793	1474.01	
32.5715	280.807	1474.01	
32.506	280.813	1474.07	
32.5102	280.738	1474.07	
32.4939	280.876	1473.99	
32.4834	280.88	1474.13	
32.5219	280.807	1474.05	
32.5175	280.802	1474.04	
32.5115	280.809	1474.07	
32.4998	280.808	1474.08	
32.5365	280.797	1474.07	
32.5252	280.816	1474.04	
32.4762	280.825	1474.1	
32.5316	280.809	1474.06	
32.5338	280.786	1474.03	
32.5165	280.813	1474.06	
32.4848	280.787	1474.01	
32.5451	280.765	1474.19	
32.5735	281.036	1473.16	
32.504	280.807	1474.09	
32.5263	280.77	1473.95	
32.4879	280.819	1474.1	
32.5365	280.765	1474.01	
32.525	280.803	1474	
32.5784	280.808	1474.04	
32.5014	280.786	1474.03	
32.5413	280.804	1474.06	
7.8241	280.399	1470.54	
7.77651	280.379	1470.49	
7.8031	280.366	1470.52	
7.78267	280.329	1470.59	
7.80122	280.396	1470.53	
7.81656	280.383	1470.53	
7.82503	280.373	1470.61	
7.81374	280.385	1470.53	
7.80385	280.382	1470.55	
7.81811	280.377	1470.58	
7.79405	280.387	1470.53	
7.81109	280.381	1470.59	
7.82504	280.374	1470.49	
7.8131	280.432	1470.56	
7.78073	280.724	1470.86	
7.77057	280.413	1470.5	
7.84484	280.576	1470.67	
7.80166	280.229	1470.39	
7.80173	280.385	1470.58	
7.82975	280.382	1470.5	
7.78178	280.39	1470.54	
7.83668	280.402	1470.48	
7.80918	280.395	1470.57	
7.84621	280.384	1470.54	
7.81757	280.38	1470.51	
7.81696	280.384	1470.5	
7.82376	280.399	1470.5	
7.83382	280.399	1470.55	
7.8113	280.39	1470.55	
7.83638	280.376	1470.54	
7.81071	280.389	1470.56	
7.81522	280.31	1470.37	
7.82307	280.293	1470.4	
7.81486	280.382	1470.57	
7.77043	280.394	1470.52	
7.79207	280.37	1470.53	
7.8068	280.381	1470.52	
7.78157	280.391	1470.6	
7.81576	280.364	1470.57	
7.78823	280.387	1470.51	
7.79502	280.419	1470.55	
7.84187	280.394	1470.57	
7.83506	280.386	1470.55	
7.79794	280.381	1470.53	
7.81436	280.389	1470.5	
7.76919	280.443	1470.57	
7.79686	280.374	1470.51	
7.79397	280.384	1470.55	
7.8124	280.381	1470.54	
7.76122	280.41	1470.5	
7.82388	280.393	1470.52	
7.83076	280.361	1470.57	
7.77501	280.361	1470.51	
7.81842	280.407	1470.49	
7.825	280.413	1470.49	
7.85934	280.398	1470.53	
7.78875	280.407	1470.47	
7.79992	280.392	1470.61	
7.8606	280.366	1470.5	
7.82553	280.435	1470.56	
103.848	273.12	1507.54	
103.817	273.146	1507.41	
103.813	273.157	1507.37	
103.835	273.097	1507.47	
103.874	273.103	1507.49	
103.824	273.019	1507.6	
103.862	273.135	1507.5	
103.833	273.127	1507.51	
103.841	273.127	1507.57	
103.825	273.117	1507.47	
103.836	273.125	1507.52	
103.833	273.136	1507.53	
103.846	273.011	1507.46	
103.849	273.092	1507.56	
103.831	273.096	1507.55	
103.821	273.101	1507.5	
103.885	273.142	1507.47	
103.843	273.132	1507.44	
103.785	273.127	1507.46	
103.881	273.112	1507.51	
103.811	272.951	1507.48	
103.834	273.081	1507.34	
103.889	273.102	1507.53	
103.81	273.121	1507.48	
103.8	273.113	1507.45	
103.823	273.12	1507.49	
103.899	273.117	1507.6	
103.812	273.098	1507.54	
103.849	273.079	1507.58	
103.848	273.113	1507.47	
103.802	273.091	1507.48	
103.813	273.058	1507.52	
103.812	273.114	1507.46	
103.826	273.136	1507.43	
103.879	273.129	1507.56	
103.835	273.122	1507.51	
103.815	273.134	1507.38	
103.899	273.112	1507.55	
103.893	273.09	1507.57	
103.856	273.015	1507.43	
103.845	273.108	1507.48	
103.83	273.106	1507.42	
103.838	273.09	1507.53	
103.848	273.098	1507.45	
103.839	273.081	1507.55	
103.841	273.124	1507.43	
103.84	273.099	1507.41	
103.823	273.153	1507.47	
103.853	273.051	1507.4	
103.807	273.099	1507.41	
103.849	273.116	1507.4	
103.809	273.131	1507.33	
103.85	273.109	1507.45	
103.817	273.144	1507.33	
103.824	273.128	1507.37	
103.849	273.166	1507.42	
103.83	273.146	1507.38	
103.838	273.097	1507.53	
103.836	273.115	1507.45	
103.8	273.08	1507.4	
79.0681	272.674	1504.06	
79.1041	272.748	1504.09	
79.1039	272.842	1504.14	
79.0916	272.733	1504.21	
79.093	272.769	1504.13	
79.0811	272.705	1504.16	
79.0579	272.524	1504.1	
79.1061	272.735	1504.14	
79.0877	272.793	1504.08	
79.0797	272.777	1504.16	
79.072	272.435	1505.57	
79.0994	272.9	1504.2	
79.0886	272.875	1504.11	
79.0562	272.763	1504.12	
79.0654	272.795	1504.19	
79.1019	272.796	1504.2	
79.0994	272.788	1504.14	
79.0617	272.772	1504.12	
79.0718	272.769	1504.15	
79.0976	272.751	1504.18	
79.0784	272.741	1504.21	
79.0769	272.771	1504.22	
79.0683	272.779	1504.16	
79.0654	272.678	1504.09	
79.0702	272.792	1504.03	
79.0837	272.739	1504.19	
79.0453	272.75	1504.16	
79.0922	272.734	1504.06	
79.1021	272.645	1504.09	
79.071	272.774	1504.11	
79.0461	272.753	1504.18	
79.1001	272.778	1504.09	
79.0974	272.794	1504.07	
79.1024	272.788	1504.11	
79.0734	272.598	1504.09	
79.0901	272.717	1504.11	
79.0811	272.758	1504.17	
79.0532	272.756	1504.22	
79.0944	272.86	1504.31	
79.0678	272.785	1504.2	
79.1	272.764	1504.13	
79.0922	272.776	1504.13	
79.0783	272.742	1504.24	
79.0658	272.745	1504.15	
79.0878	272.762	1504.14	
79.0808	272.751	1504.16	
79.0605	272.752	1504.18	
79.1175	272.782	1504.11	
79.1027	272.742	1504.14	
79.0767	272.769	1504.05	
79.0848	272.773	1504.1	
79.0642	272.769	1504.16	
79.0624	272.785	1504.04	
79.0603	272.722	1504.17	
79.1106	272.781	1504.1	
79.0933	272.762	1504.14	
79.1115	272.759	1504.18	
79.0879	272.759	1504.11	
79.1025	272.758	1504.14	
79.0932	272.756	1504.14	
54.2699	272.386	1500.93	
54.2838	272.379	1500.89	
54.3195	272.401	1500.97	
54.2522	272.407	1500.9	
54.2852	272.412	1500.95	
54.2241	272.389	1500.91	
54.2441	272.389	1500.98	
54.3275	272.372	1500.99	
54.2755	272.14	1500.87	
54.2881	272.39	1500.91	
54.3274	272.402	1500.91	
54.2863	272.393	1500.99	
54.3125	272.405	1500.98	
54.3014	272.396	1500.82	
54.3068	272.407	1500.89	
54.2835	272.375	1500.94	
54.2861	272.393	1500.98	
54.2854	272.459	1500.77	
54.2315	272.472	1501.07	
54.2742	272.411	1500.9	
54.2868	272.391	1500.89	
54.2757	272.387	1500.91	
54.2842	272.394	1500.94	
54.2545	272.385	1500.91	
54.3294	272.402	1500.98	
54.3054	272.37	1500.85	
54.2784	272.568	1500.93	
54.3229	272.389	1500.97	
54.2962	272.393	1500.91	
54.2842	272.405	1500.89	
54.3013	272.384	1500.92	
54.3122	272.385	1500.89	
54.3055	272.386	1500.9	
54.3184	272.439	1500.93	
54.2665	272.383	1500.86	
54.3183	272.462	1500.9	
54.2749	272.386	1500.9	
54.3006	272.408	1500.86	
54.2805	272.398	1500.89	
54.3202	272.387	1500.89	
54.2763	272.383	1500.85	
54.2249	272.367	1500.89	
54.2689	272.398	1500.91	
54.2515	272.289	1500.8	
54.2841	272.459	1500.83	
54.2755	272.382	1500.91	
54.2729	272.422	1500.88	
54.2478	272.401	1500.89	
54.2939	272.41	1500.81	
54.3004	272.434	1500.81	
54.2597	272.38	1500.88	
54.2777	272.412	1500.9	
54.3217	272.414	1500.88	
54.2945	272.314	1500.92	
54.2965	272.315	1500.87	
54.3053	272.368	1500.87	
54.287	272.34	1500.97	
54.2999	272.39	1500.85	
54.2871	272.394	1500.9	
54.2717	272.4	1500.89	
29.4315	271.999	1497.46	
29.418	272.03	1497.37	
29.4084	272.002	1497.6	
29.4309	272.291	1497.38	
29.3825	271.996	1497.39	
29.4199	272.012	1497.35	
29.4127	271.991	1497.3	
29.3708	271.993	1497.41	
29.4287	271.982	1497.36	
29.4397	271.994	1497.37	
29.3866	272.005	1497.34	
29.4309	271.968	1497.44	
29.415	271.993	1497.41	
29.3669	271.975	1497.43	
29.3866	271.981	1497.43	
29.3925	271.973	1497.36	
29.4351	271.988	1497.34	
29.3916	271.968	1497.35	
29.4408	271.979	1497.33	
29.4096	272.007	1497.48	
29.3845	272.019	1497.4	
29.4148	272.028	1497.29	
29.4097	271.995	1497.3	
29.4012	272.004	1497.32	
29.4109	272.008	1497.3	
29.3894	272.021	1497.34	
29.4	271.956	1497.31	
29.3718	271.932	1497.4	
29.4195	271.984	1497.33	
29.396	271.931	1497.29	
29.385	271.937	1497.36	
29.3131	271.648	1498.69	
29.3881	271.952	1497.35	
29.3897	271.972	1497.24	
29.4497	271.979	1497.37	
29.4118	271.977	1497.35	
29.4158	272.007	1497.34	
29.437	271.989	1497.32	
29.4169	271.996	1497.3	
29.3954	272.013	1497.36	
29.4356	271.829	1497.26	
29.379	272.012	1497.42	
29.4161	272.101	1497.26	
29.4199	271.971	1497.36	
29.4141	272	1497.2	
29.4027	272.011	1497.28	
29.4219	271.99	1497.28	
29.3973	271.957	1497.39	
29.4233	271.986	1497.36	
29.39	271.938	1497.34	
29.3879	271.991	1497.38	
29.4038	271.981	1497.37	
29.3743	271.85	1497.44	
29.4064	271.909	1497.24	
29.4089	271.95	1497.36	
29.4	271.992	1497.32	
29.3891	271.993	1497.27	
29.4148	271.992	1497.34	
29.3792	271.984	1497.29	
29.4186	271.975	1497.28	
4.7024	271.496	1493.78	
4.71228	271.479	1493.78	
4.66077	271.502	1493.72	
4.74177	271.491	1493.78	
4.67852	271.521	1493.71	
4.68278	271.508	1493.78	
4.68941	271.505	1493.72	
4.73052	271.491	1493.74	
4.71495	271.595	1493.71	
4.67963	271.481	1493.68	
4.68624	271.478	1493.69	
4.73602	271.529	1493.84	
4.72667	271.509	1493.78	
4.65663	271.494	1493.81	
4.69751	271.5	1493.67	
4.6948	271.521	1493.7	
4.69725	271.524	1493.76	
4.70592	271.512	1493.74	
4.71092	271.489	1493.72	
4.71541	271.323	1493.62	
4.72455	271.329	1493.6	
4.72925	271.457	1493.71	
4.65323	271.692	1493.91	
4.66968	271.602	1493.9	
4.71416	271.516	1493.83	
4.69088	271.488	1493.77	
4.67794	271.554	1493.69	
4.68129	271.513	1493.72	
4.6847	271.472	1493.82	
4.70361	271.546	1493.73	
4.67328	271.498	1493.8	
4.68849	271.518	1493.75	
4.69019	271.524	1493.7	
4.67098	271.525	1493.74	
4.71457	271.599	1493.73	
4.7003	271.485	1493.64	
4.69389	271.391	1493.68	
4.648	271.477	1493.72	
4.68994	271.465	1493.76	
4.68406	271.502	1493.83	
4.7156	271.515	1493.77	
4.67254	271.499	1493.77	
4.71053	271.519	1493.7	
4.68592	271.528	1493.7	
4.70404	271.517	1493.79	
4.65902	271.515	1493.77	
4.7312	271.5	1493.73	
4.69204	271.541	1493.68	
4.69598	271.51	1493.77	
4.6692	271.506	1493.79	
4.69864	271.625	1493.87	
4.69659	271.537	1493.83	
4.68772	271.466	1493.58	
4.67074	271.536	1493.76	
4.71282	271.399	1493.69	
4.67892	271.523	1493.72	
4.70149	271.499	1493.75	
4.69753	271.503	1493.76	
4.68829	271.513	1493.73	
4.67192	271.508	1493.78	
100.739	264.174	1531.01	
100.787	264.188	1530.97	
100.732	264.17	1531	
100.801	264.208	1530.97	
100.769	264.268	1530.92	
100.83	264.168	1530.94	
100.788	264.17	1530.9	
100.811	264.151	1530.89	
100.802	264.192	1530.93	
100.773	264.188	1530.89	
100.763	264.15	1530.87	
100.758	264.188	1530.83	
100.736	264.162	1530.88	
100.772	264.437	1530.96	
100.777	264.177	1530.89	
100.782	264.2	1530.86	
100.716	264.174	1530.84	
100.737	264.201	1530.84	
100.704	264.205	1530.84	
100.699	264.177	1530.93	
100.798	264.191	1530.86	
100.796	264.17	1530.89	
100.716	264.185	1530.91	
100.777	264.057	1530.86	
100.748	264.179	1530.8	
100.691	264.356	1530.93	
100.742	264.47	1530.92	
100.757	264.197	1530.9	
100.777	264.135	1530.86	
100.73	264.178	1530.88	
100.775	264.153	1530.93	
100.694	264.191	1530.85	
100.693	264.188	1530.82	
100.779	264.189	1530.91	
100.731	264.221	1530.87	
100.704	264.146	1530.86	
100.731	264.034	1530.73	
100.671	264.172	1530.9	
100.698	264.135	1530.96	
100.723	264.164	1530.89	
100.741	264.174	1530.84	
100.685	264.177	1530.93	
100.677	264.16	1530.93	
100.725	264.149	1530.93	
100.717	264.182	1530.94	
100.7	264.207	1530.92	
100.692	264.171	1530.87	
100.696	264.157	1530.92	
100.76	264.154	1530.8	
100.717	264.166	1530.86	
100.744	264.179	1530.85	
100.723	264.15	1530.89	
100.716	264.17	1530.92	
100.676	264.166	1530.92	
100.7	264.183	1530.82	
100.725	264.181	1530.86	
100.73	264.225	1530.95	
100.645	264.15	1530.82	
100.702	264.208	1530.98	
100.713	264.153	1530.97	
75.8837	263.913	1527.39	
75.8497	263.935	1527.39	
75.8279	263.89	1527.4	
75.8257	263.907	1527.4	
75.886	263.9	1527.43	
75.8128	263.87	1527.35	
75.825	263.924	1527.31	
75.8104	263.937	1527.33	
75.8149	263.893	1527.33	
75.9026	263.868	1527.35	
75.8335	263.89	1527.33	
75.8318	263.779	1527.39	
75.7829	263.892	1527.41	
75.8176	264.048	1527.5	
75.804	263.888	1527.31	
75.846	263.876	1527.35	
75.7988	263.876	1527.36	
75.8559	263.882	1527.39	
75.8182	263.893	1527.35	
75.8165	263.906	1527.26	
75.9182	263.893	1527.38	
75.8326	263.89	1527.37	
75.8649	263.882	1527.37	
75.836	263.914	1527.28	
75.8927	263.911	1527.26	
75.8255	263.794	1527.37	
75.7978	263.775	1527.33	
75.8942	263.912	1527.33	
75.8289	263.893	1527.34	
75.8699	263.877	1527.38	
75.8612	263.893	1527.28	
75.8411	263.9	1527.32	
75.8264	263.896	1527.32	
75.8355	263.904	1527.3	
75.9221	263.883	1527.29	
75.8583	263.884	1527.3	
75.8793	263.887	1527.29	
75.818	263.886	1527.27	
75.8291	263.901	1527.3	
75.8116	263.894	1527.31	
75.8368	264.086	1527.31	
75.8548	263.761	1527.33	
75.8156	263.973	1527.26	
75.8078	263.873	1527.38	
75.8291	263.884	1527.32	
75.8836	263.869	1527.26	
75.8934	263.918	1527.29	
75.847	263.883	1527.3	
75.8338	263.866	1527.35	
75.8553	263.866	1527.35	
75.837	263.868	1527.39	
75.8282	263.839	1527.31	
75.8111	263.943	1527.31	
75.7612	263.626	1528.85	
75.807	263.959	1527.3	
75.8374	263.939	1527.41	
75.8813	263.895	1527.32	
75.8003	263.87	1527.42	
75.8959	263.889	1527.27	
75.8567	263.893	1527.33	
51.1236	263.568	1523.74	
51.1169	263.581	1523.74	
51.0836	263.537	1523.74	
51.0845	263.709	1523.73	
51.1012	263.571	1523.67	
51.1167	263.556	1523.67	
51.1195	263.528	1523.72	
51.1054	263.454	1523.62	
51.1428	263.571	1523.7	
51.124	263.546	1523.58	
51.083	263.537	1523.66	
51.151	263.451	1523.69	
51.1488	263.619	1523.7	
51.0976	263.598	1523.75	
51.091	263.475	1523.58	
51.1347	263.577	1523.71	
51.057	263.501	1523.77	
51.1173	263.552	1523.74	
51.1281	263.541	1523.7	
51.0972	263.544	1523.71	
51.1101	263.501	1523.74	
51.1487	263.564	1523.59	
51.1196	263.524	1523.78	
51.1235	263.526	1523.65	
51.1147	263.484	1523.79	
51.1241	263.52	1523.72	
51.1454	263.562	1523.67	
51.1063	263.551	1523.68	
51.123	263.563	1523.7	
51.1061	263.539	1523.72	
51.1266	263.54	1523.7	
51.142	263.587	1523.64	
51.1484	263.323	1523.68	
51.1282	263.588	1523.75	
51.1262	263.552	1523.7	
51.1872	263.564	1523.66	
51.1365	263.552	1523.7	
51.1338	263.543	1523.66	
51.0473	263.551	1523.75	
51.072	263.562	1523.79	
51.097	263.586	1523.6	
51.1215	263.546	1523.69	
51.0885	263.539	1523.62	
51.0764	263.537	1523.78	
51.1325	263.557	1523.7	
51.1201	263.556	1523.71	
51.1173	263.471	1523.72	
51.1221	263.406	1523.57	
51.0827	263.555	1523.73	
51.1525	263.528	1523.78	
51.1404	263.546	1523.7	
51.1124	263.549	1523.74	
51.0802	263.563	1523.73	
51.0572	263.545	1523.77	
51.1	263.555	1523.75	
51.1155	263.52	1523.67	
51.1401	263.475	1523.73	
51.0532	263.558	1523.7	
51.0797	263.571	1523.67	
51.0828	263.561	1523.67	
26.1254	262.961	1520.12	
26.1799	263.091	1520.22	
26.1914	263.132	1520.21	
26.219	263.113	1520.22	
26.2698	262.408	1519.64	
26.1805	262.98	1520.21	
26.1814	263.151	1520.26	
26.1669	263.049	1520.14	
26.1986	263.116	1520.31	
26.1326	263.076	1520.21	
26.1658	263.12	1520.33	
26.2245	263.074	1520.11	
26.2334	263.109	1520.16	
26.2599	263.122	1520.27	
26.1837	263.078	1520.28	
26.2196	263.142	1520.28	
26.1864	263.01	1520.28	
26.1776	262.962	1520.24	
26.2238	263.164	1520.23	
26.1836	263.132	1520.26	
26.162	263.121	1520.24	
26.2042	263.14	1520.19	
26.192	263.132	1520.26	
26.2053	263.121	1520.29	
26.2128	263.131	1520.3	
26.1766	263.129	1520.26	
26.1392	263.152	1520.26	
26.2108	263.14	1520.24	
26.1835	263.132	1520.23	
26.2031	263.147	1520.24	
26.1788	263.128	1520.39	
26.2203	263.112	1520.29	
26.164	263.121	1520.4	
26.1255	263.088	1520.42	
26.251	263.161	1520.21	
26.1856	263.046	1520.29	
26.139	263.159	1520.29	
26.1572	263.141	1520.35	
26.1846	263.153	1520.29	
26.1709	263.128	1520.22	
26.1579	263.107	1520.29	
26.1834	263.112	1520.32	
26.1519	263.087	1520.38	
26.1217	263.114	1520.34	
26.1565	263.142	1520.34	
26.1911	263.077	1520.27	
26.1844	263.26	1520.42	
26.1598	263.088	1520.34	
26.1594	263.151	1520.25	
26.2446	263.135	1520.31	
26.177	263.127	1520.32	
26.1864	263.131	1520.33	
26.1676	263.123	1520.33	
26.183	263.13	1520.33	
26.1623	263.12	1520.3	
26.1642	263.16	1520.27	
26.162	263.026	1520.28	
26.1233	263.145	1520.28	
26.1475	263.134	1520.32	
26.1818	263.133	1520.31	
1.41869	262.478	1517.11	
1.37045	262.637	1517.05	
1.45268	262.662	1516.91	
1.39665	262.857	1517.05	
1.42659	262.43	1517.11	
1.3925	262.656	1516.94	
1.38914	262.441	1516.97	
1.35906	262.727	1516.93	
1.4054	262.574	1517.1	
1.42624	262.636	1517.11	
1.42398	262.612	1516.9	
1.39974	262.539	1517.03	
1.48937	262.665	1516.87	
1.43593	262.623	1516.92	
1.44993	262.681	1516.83	
1.38824	262.591	1516.96	
1.39695	262.606	1516.86	
1.43252	262.647	1516.87	
1.49337	262.699	1516.96	
1.47168	262.472	1516.73	
1.48899	262.702	1516.94	
1.41957	262.641	1516.93	
1.42257	262.623	1516.95	
1.40238	262.615	1516.97	
1.47227	262.644	1516.91	
1.48139	262.66	1516.86	
1.43927	262.622	1516.99	
1.45113	262.614	1517	
1.48306	262.643	1516.95	
1.47518	262.644	1516.9	
1.45793	262.639	1516.89	
1.48112	262.668	1516.84	
1.43934	262.525	1516.88	
1.46586	262.667	1516.91	
1.45146	262.637	1516.94	
1.42575	262.655	1516.81	
1.48525	262.631	1516.89	
1.48916	262.686	1516.87	
1.44306	262.626	1516.86	
1.4656	262.644	1516.92	
1.43825	262.672	1516.85	
1.43462	262.659	1516.91	
1.45919	262.646	1516.92	
1.46064	262.647	1516.96	
1.47601	262.644	1516.94	
1.4333	262.655	1516.88	
1.45564	262.644	1516.92	
1.44789	262.654	1516.9	
1.44356	262.624	1516.89	
1.43094	262.633	1516.93	
1.41064	262.69	1516.76	
1.43463	262.646	1516.83	
1.4091	262.652	1516.9	
1.4324	262.646	1516.84	
1.50641	262.676	1516.86	
1.43914	262.601	1517.04	
1.49255	262.708	1516.84	
1.42588	262.746	1516.89	
1.46737	262.624	1516.92	
1.44684	262.641	1516.91	
97.7653	255.277	1554.32	
97.7149	255.27	1554.06	
97.6872	255.621	1554.2	
97.7391	255.247	1554.11	
97.7328	255.245	1554.08	
97.7853	255.312	1554.05	
97.7682	255.297	1554.05	
97.7975	255.288	1554.06	
97.7787	255.295	1553.96	
97.8123	255.289	1554.01	
97.7415	255.283	1554.09	
97.697	255.325	1553.94	
97.7631	255.351	1554.03	
97.7892	255.288	1554.05	
97.754	255.277	1554.05	
97.777	255.287	1554.15	
97.7467	255.272	1554.12	
97.7839	255.31	1554.02	
97.7742	255.235	1554.29	
97.8162	255.334	1554.14	
97.7479	255.286	1554.06	
97.8219	255.272	1554.12	
97.7902	255.274	1554.08	
97.7581	255.29	1554.03	
97.745	255.28	1554.03	
97.7368	255.278	1554.11	
97.7712	255.224	1554.36	
97.778	255.292	1554.01	
97.7725	255.216	1554	
97.7282	255.279	1554.04	
97.695	255.275	1554.01	
97.774	255.286	1554.01	
97.7298	255.271	1554.04	
97.7033	255.261	1554.13	
97.7836	255.245	1554.09	
97.7947	255.295	1554.02	
97.8462	255.15	1554.1	
97.8014	255.134	1554.11	
97.7702	255.286	1554.08	
97.806	255.25	1554.19	
97.8444	255.273	1554.14	
97.7618	255.305	1554.03	
97.7455	255.284	1554.1	
97.7473	255.276	1554.14	
97.7649	255.298	1554.03	
97.7066	255.251	1553.99	
97.7449	255.276	1554.2	
97.807	255.28	1554.21	
97.7335	255.59	1554.15	
97.7436	255.514	1554.12	
97.7457	255.419	1554.11	
97.7657	255.371	1554.05	
97.7883	255.279	1554.07	
97.7847	255.28	1554.07	
97.7148	255.287	1554.06	
97.7704	255.301	1554.04	
97.7969	255.245	1554.21	
97.7896	255.268	1554.18	
97.7548	255.243	1554.11	
97.7505	255.269	1554.14	
72.9766	255.033	1550.57	
72.9984	255.051	1550.54	
72.998	255.031	1550.5	
72.9274	255.014	1550.56	
72.9705	255.132	1550.68	
72.9745	254.962	1550.53	
72.9974	254.921	1550.56	
72.9866	255.08	1550.6	
72.9591	255.031	1550.45	
72.9252	255.072	1550.47	
72.9744	255.002	1550.53	
72.9911	255.106	1550.52	
72.9716	255.045	1550.66	
72.9325	255.066	1550.37	
72.9402	255.009	1550.56	
72.9773	255.062	1550.41	
72.9562	255.025	1550.58	
72.9745	255.074	1550.57	
72.9361	255.017	1550.52	
72.9733	255.071	1550.42	
72.956	255.046	1550.57	
72.9637	255.098	1550.64	
72.9461	255.041	1550.56	
72.9771	255.055	1550.57	
73.0265	255.053	1550.53	
72.9257	255.047	1550.6	
72.9233	255.006	1550.7	
73.0228	255.019	1550.59	
72.9498	255.027	1550.48	
72.9411	255.033	1550.5	
72.9691	255.041	1550.59	
72.9446	255.018	1550.62	
72.9378	255.041	1550.47	
72.9563	255.042	1550.45	
73.0011	255.046	1550.55	
72.9303	255.028	1550.53	
72.9116	255.062	1550.43	
72.9853	255.061	1550.56	
72.9931	255.003	1550.48	
72.9908	254.957	1550.58	
73.0141	255.124	1550.57	
73.0016	254.998	1550.56	
72.9368	255.043	1550.41	
72.9243	255.03	1550.44	
72.9695	255.066	1550.39	
72.9113	255.026	1550.44	
72.8924	255.092	1550.48	
72.9766	255.003	1550.57	
72.9832	255.016	1550.48	
72.9144	255.01	1550.38	
73.0114	255.046	1550.5	
72.8843	255.095	1550.56	
72.8096	255.168	1550.21	
72.8947	254.986	1550.53	
72.9333	255.06	1550.32	
73.0099	255.077	1550.46	
72.9715	255.049	1550.47	
72.9296	255.009	1550.44	
72.9683	254.984	1550.55	
72.9591	255.006	1550.43	
48.0763	254.552	1547.3	
48.0958	254.67	1547.16	
48.0632	254.719	1547.31	
48.0945	254.4	1547.27	
48.0515	254.539	1547.13	
48.1157	254.556	1547.25	
48.0847	254.539	1547.09	
48.1043	254.563	1547.14	
48.1036	254.551	1547.12	
48.1564	254.571	1547.06	
48.0691	254.665	1547.23	
48.0967	254.656	1547.12	
48.1494	254.542	1547.31	
48.0824	254.556	1547.19	
48.0659	254.565	1547.24	
48.0757	254.554	1547.19	
48.1036	254.566	1547.18	
48.1718	254.544	1547.2	
48.1586	254.568	1547.21	
48.1298	254.568	1547.09	
48.0716	254.576	1547.17	
48.1539	254.572	1547.14	
48.1132	254.536	1547.23	
48.0666	254.595	1547.01	
48.1012	254.558	1547.18	
48.1256	254.574	1547.08	
48.1313	254.558	1547.13	
48.0997	254.55	1547.18	
48.1159	254.554	1547.1	
48.0848	254.676	1547.12	
48.057	254.572	1547.13	
48.1312	254.402	1547.09	
48.0828	254.573	1547.07	
48.1673	254.556	1547.1	
48.0829	254.548	1547.16	
48.1587	254.504	1547.14	
48.0995	254.425	1547.1	
48.0694	254.574	1547.17	
48.0861	254.539	1547.21	
48.1176	254.555	1547.22	
48.1368	254.558	1547.11	
48.059	254.559	1547.17	
48.0932	254.575	1547.13	
48.1445	254.542	1547.11	
48.1283	254.568	1547.1	
48.1497	254.542	1547.19	
48.1205	254.56	1547.01	
48.099	254.596	1547.14	
48.112	254.546	1547.19	
48.1189	254.581	1547.05	
48.07	254.273	1548.34	
48.1163	254.57	1547.18	
48.1106	254.586	1547.03	
48.1056	254.57	1547.03	
48.1781	254.574	1547.11	
48.1936	254.551	1547.17	
48.1039	254.52	1547.34	
48.0782	254.569	1547.15	
48.0997	254.594	1547.06	
48.1196	254.558	1547.11	
23.2738	254.177	1543.51	
23.1854	254.197	1543.47	
23.22	254.19	1543.49	
23.2251	254.18	1543.53	
23.2944	254.173	1543.56	
23.1878	254.186	1543.46	
23.2562	254.256	1543.39	
23.3003	254.362	1543.54	
23.2858	254.189	1543.52	
23.2309	254.216	1543.46	
23.2709	254.203	1543.43	
23.2595	254.206	1543.48	
23.2696	254.228	1543.35	
23.2668	254.209	1543.41	
23.2273	254.377	1543.48	
23.2167	254.138	1543.26	
23.292	254.218	1543.34	
23.2271	254.244	1543.37	
23.2269	254.19	1543.48	
23.2522	254.199	1543.47	
23.2721	254.225	1543.39	
23.2807	254.213	1543.43	
23.2776	254.191	1543.4	
23.2695	254.309	1543.48	
23.2595	254.174	1543.43	
23.2698	254.219	1543.41	
23.2582	254.181	1543.43	
23.2447	254.207	1543.44	
23.271	254.138	1543.41	
23.1891	254.218	1543.47	
23.2416	254.226	1543.41	
23.2148	254.204	1543.44	
23.255	254.22	1543.34	
23.2743	254.089	1543.34	
23.2113	254.224	1543.46	
23.2272	254.202	1543.42	
23.2613	254.208	1543.36	
23.2191	254.18	1543.47	
23.2358	254.216	1543.38	
23.2015	254.296	1543.44	
23.2102	254.284	1543.43	
23.2802	254.22	1543.39	
23.2591	254.21	1543.42	
23.2718	254.222	1543.41	
23.2438	254.208	1543.4	
23.2408	254.195	1543.45	
23.2421	254.224	1543.36	
23.307	254.231	1543.4	
23.2318	254.352	1543.49	
23.3161	254.17	1543.32	
23.2511	254.212	1543.4	
23.2657	254.238	1543.38	
23.2501	254.232	1543.38	
23.2898	254.232	1543.36	
23.1838	254.214	1543.45	
23.21	254.202	1543.54	
23.2393	254.217	1543.42	
23.2886	254.147	1543.38	
23.2295	254.323	1543.51	
23.2796	254.194	1543.36	
-1.5352	253.809	1539.96	
-1.48762	253.756	1540.05	
-1.65554	253.826	1540.06	
-1.56801	253.762	1539.96	
-1.53262	253.847	1540.01	
-1.52784	253.779	1539.9	
-1.52945	253.714	1539.96	
-1.53567	253.81	1539.96	
-1.54967	253.789	1539.96	
-1.54731	253.754	1539.85	
-1.54466	253.783	1539.99	
-1.49912	253.799	1540.04	
-1.55849	253.73	1539.94	
-1.51342	253.776	1540.02	
-1.5503	253.734	1540.04	
-1.58392	253.757	1540.09	
-1.56525	253.977	1540.22	
-1.53675	253.748	1540	
-1.54705	253.782	1540	
-1.54434	253.726	1540.12	
-1.50088	253.757	1540.02	
-1.55218	253.75	1539.98	
-1.57364	253.776	1540.1	
-1.5726	253.72	1540.18	
-1.54055	253.761	1540.1	
-1.5496	253.771	1540.08	
-1.50571	253.755	1540.06	
-1.54641	253.639	1539.95	
-1.56663	253.78	1540.04	
-1.52432	253.727	1539.97	
-1.56144	253.766	1540.05	
-1.55085	253.736	1540.08	
-1.57884	253.772	1540.07	
-1.53298	253.776	1540.06	
-1.56788	253.769	1540.14	
-1.59632	253.774	1540.07	
-1.53511	253.77	1539.99	
-1.55883	253.798	1540	
-1.55714	253.742	1540.06	
-1.47503	253.795	1539.95	
-1.56766	253.755	1540.06	
-1.59481	253.739	1540.04	
-1.48873	253.642	1540.04	
-1.50225	253.805	1540.11	
-1.55492	253.764	1540.07	
-1.57045	253.769	1540	
-1.59151	253.75	1540.03	
-1.56391	253.768	1540.05	
-1.53246	253.769	1540.01	
-1.54816	253.774	1539.97	
-1.52503	253.78	1540.06	
-1.56392	253.726	1540.02	
-1.56341	253.75	1540.03	
-1.56141	253.772	1539.95	
-1.55404	253.765	1539.99	
-1.57732	253.784	1540.04	
-1.56554	253.905	1540.25	
-1.52105	253.793	1540.13	
-1.55719	253.588	1539.95	
-1.47117	253.753	1540.07	
94.7783	246.459	1576.92	
94.7317	246.425	1577	
94.7512	246.452	1576.99	
94.7801	246.433	1577	
94.7506	246.441	1576.92	
94.7524	246.464	1576.86	
94.7875	246.425	1576.94	
94.7598	246.499	1576.93	
94.7531	246.417	1576.71	
94.7533	246.207	1576.67	
94.7664	246.508	1576.94	
94.7488	246.785	1577.16	
94.7823	246.439	1576.95	
94.7668	246.469	1576.85	
94.783	246.475	1576.91	
94.7276	246.461	1576.95	
94.7591	246.513	1576.82	
94.7974	246.41	1576.83	
94.7613	246.47	1576.83	
94.7868	246.461	1576.85	
94.7775	246.465	1576.83	
94.793	246.451	1576.91	
94.7598	246.475	1576.81	
94.8022	246.47	1576.83	
94.7396	246.471	1576.77	
94.7537	246.468	1576.88	
94.8168	246.477	1576.86	
94.7447	246.402	1576.74	
94.7835	246.455	1576.83	
94.8181	246.469	1576.89	
94.7451	246.457	1576.91	
94.8051	246.474	1576.85	
94.7312	246.487	1576.84	
94.7945	246.48	1576.91	
94.7512	246.486	1576.95	
94.7717	246.463	1576.9	
94.7917	246.473	1576.71	
94.7737	246.477	1576.86	
94.743	246.464	1576.84	
94.7726	246.46	1576.84	
94.7644	246.48	1576.8	
94.7502	246.448	1576.89	
94.7624	246.482	1576.82	
94.75	246.465	1576.88	
94.7524	246.453	1576.76	
94.7541	246.436	1576.82	
94.7912	246.538	1576.84	
94.7772	246.602	1577.1	
94.7546	246.47	1576.9	
94.834	246.456	1576.9	
94.788	246.44	1576.89	
94.7741	246.504	1576.82	
94.8022	246.47	1576.8	
94.7881	246.501	1576.82	
94.7801	246.464	1576.89	
94.7589	246.373	1576.65	
94.7924	246.476	1576.88	
94.7746	246.478	1576.77	
94.7638	246.468	1576.8	
94.7851	246.485	1576.83	
69.9611	246.08	1573.43	
69.9453	246.11	1573.39	
69.9847	245.968	1573.3	
69.9664	246.103	1573.37	
70.0494	246.067	1573.38	
70.0021	246.138	1573.31	
69.9895	246.073	1573.44	
69.9918	246.085	1573.39	
69.9986	246.045	1573.42	
69.9723	246.091	1573.48	
69.1913	245.309	1577.63	
69.9998	246.134	1573.36	
69.9811	246.086	1573.43	
69.9906	246.137	1573.28	
69.9673	246.102	1573.35	
69.9967	246.084	1573.34	
69.9813	246.169	1573.42	
69.9647	246.082	1573.4	
69.9884	246.079	1573.45	
69.9384	246.107	1573.35	
69.9721	246.126	1573.38	
69.9524	246.059	1573.42	
69.9519	246.112	1573.32	
69.9755	246.053	1573.21	
69.9947	246.052	1573.37	
70.0113	246.085	1573.41	
69.9406	246.115	1573.27	
69.9772	246.093	1573.36	
69.9735	246.161	1573.3	
69.9665	246.124	1573.39	
70.009	246.11	1573.34	
70.0247	246.136	1573.27	
69.9777	246.112	1573.34	
69.969	246.29	1573.49	
69.9531	246.201	1573.45	
70.0206	246.106	1573.32	
69.9921	246.09	1573.43	
69.9998	246.129	1573.3	
69.9321	246.131	1573.31	
69.9666	246.112	1573.34	
69.94	246.075	1573.43	
69.9354	246.06	1573.47	
69.969	246.102	1573.45	
69.9849	246.04	1573.34	
70.0168	245.984	1573.22	
69.9988	246.185	1573.46	
69.9978	246.087	1573.4	
70.0368	246.107	1573.36	
69.9477	246.096	1573.38	
69.9678	246.074	1573.44	
69.9972	246.102	1573.35	
70.0063	246.092	1573.39	
69.9649	246.074	1573.42	
69.9591	246.482	1573.73	
69.9781	246.153	1573.48	
69.996	246.113	1573.39	
69.9808	246.103	1573.41	
70.0159	246.087	1573.47	
69.955	246.056	1573.49	
70.0079	246.088	1573.39	
45.186	245.726	1569.84	
45.1417	245.797	1569.88	
45.1539	245.951	1570.13	
45.1287	245.798	1569.77	
45.1622	245.798	1569.86	
45.1638	245.808	1569.86	
45.13	245.801	1569.88	
45.1374	245.998	1570	
45.1531	245.75	1569.84	
45.1551	245.81	1569.85	
45.1617	245.759	1569.85	
45.1476	245.815	1569.78	
45.0715	245.811	1569.86	
45.1485	245.81	1569.78	
45.075	245.797	1569.82	
45.1176	245.765	1569.89	
45.1461	245.851	1569.89	
45.1288	245.738	1569.85	
45.1421	245.799	1569.88	
45.1289	245.776	1569.84	
45.1692	245.794	1569.9	
45.1877	245.828	1569.85	
45.1293	245.791	1569.83	
45.113	245.792	1569.86	
45.1063	245.773	1569.83	
45.1282	245.794	1569.81	
45.1044	245.782	1569.82	
45.1294	245.787	1569.86	
45.1296	245.738	1569.78	
45.1106	245.814	1569.87	
45.1629	245.799	1569.82	
45.1166	245.802	1569.79	
45.1768	245.766	1569.89	
45.1301	245.953	1569.96	
45.1373	245.873	1569.91	
45.1426	245.812	1569.81	
45.1486	245.808	1569.8	
45.1393	245.772	1569.92	
45.1416	245.79	1569.94	
45.1577	245.781	1569.85	
45.1385	245.8	1569.85	
45.1421	245.764	1569.85	
45.1155	245.773	1569.84	
45.1411	245.776	1569.84	
45.1145	245.773	1569.89	
45.1523	245.781	1569.79	
45.2143	245.774	1569.95	
45.1423	245.797	1569.84	
45.1776	245.781	1569.78	
45.1581	245.778	1569.84	
45.1879	245.781	1569.79	
45.1497	245.812	1569.84	
45.1166	245.771	1569.82	
45.0893	245.792	1569.87	
45.1745	245.81	1569.82	
45.1538	245.721	1569.69	
45.1446	245.595	1569.58	
45.109	245.733	1569.94	
45.1784	245.772	1569.79	
45.1395	245.789	1569.86	
20.279	245.326	1566.9	
20.1877	245.273	1566.91	
20.2054	245.274	1566.84	
20.2406	245.806	1566.86	
20.2286	245.71	1566.97	
20.1758	246.035	1566.76	
20.2184	245.346	1566.8	
20.2408	245.357	1566.71	
20.2262	245.337	1566.78	
20.2741	245.362	1566.77	
20.2865	245.326	1566.82	
20.2034	245.333	1566.81	
20.2196	245.357	1566.74	
20.2527	245.349	1566.76	
20.2674	245.293	1566.93	
20.2718	245.342	1566.75	
20.1997	245.319	1566.86	
20.2275	245.305	1566.81	
20.2167	245.319	1566.74	
20.2029	245.29	1566.75	
20.1943	245.24	1566.82	
20.2651	245.048	1566.71	
20.2261	245.35	1566.79	
20.2088	245.384	1566.75	
20.2664	245.331	1566.79	
20.2243	245.325	1566.8	
20.2366	245.335	1566.8	
20.2153	245.306	1566.8	
20.2688	245.315	1566.82	
20.18	245.322	1566.79	
20.183	245.132	1566.69	
20.2283	245.347	1566.8	
20.2453	245.291	1566.8	
20.1984	245.312	1566.83	
20.2029	245.33	1566.82	
20.1983	245.337	1566.75	
20.1993	245.354	1566.68	
20.2177	245.346	1566.76	
20.2245	245.351	1566.81	
20.1984	245.318	1566.88	
20.1925	245.306	1566.84	
20.243	245.301	1566.9	
20.2188	245.317	1566.86	
20.2199	245.277	1566.83	
20.2214	245.356	1566.75	
20.2364	245.109	1566.74	
20.2245	245.481	1566.82	
20.2107	245.413	1566.74	
20.2458	245.335	1566.76	
20.2025	245.304	1566.85	
20.2605	245.312	1566.88	
20.2165	245.34	1566.77	
20.2054	245.351	1566.77	
20.2131	245.362	1566.81	
20.1873	245.357	1566.7	
20.2243	245.343	1566.86	
20.2312	245.323	1566.8	
20.1986	245.305	1566.88	
20.2141	245.313	1566.83	
20.176	245.307	1566.91	
-4.35695	244.979	1563.3	
-4.44934	245	1563.09	
-4.43251	244.964	1563.32	
-4.41764	244.967	1563.29	
-4.47228	244.968	1563.22	
-4.48778	245.167	1563.1	
-4.42759	245.265	1563.19	
-4.43133	244.978	1563.08	
-4.39787	244.975	1563.26	
-4.39395	244.968	1563.11	
-4.45336	244.969	1563.15	
-4.41866	244.976	1563.14	
-4.37274	244.969	1563.22	
-4.40106	244.95	1563.26	
-4.46585	244.951	1563.09	
-4.37198	244.931	1563.29	
-4.48284	244.976	1563.04	
-4.45544	244.95	1563.16	
-4.39692	244.989	1562.98	
-4.44948	245.01	1563.19	
-4.50942	244.941	1563.16	
-4.50909	244.955	1563.15	
-4.43595	244.961	1563.16	
-4.46531	244.951	1563.16	
-4.41655	244.943	1563.22	
-4.45972	244.995	1563.07	
-4.42138	244.959	1563.16	
-4.43915	244.967	1563.19	
-4.46236	244.982	1563.17	
-4.45544	244.947	1563.22	
-4.4866	244.96	1563.14	
-4.52462	244.939	1563.21	
-4.49904	244.899	1563.1	
-4.43756	245.085	1563.35	
-4.44921	244.985	1563.22	
-4.46558	244.976	1563.06	
-4.48328	245	1563.05	
-4.46989	244.972	1563.13	
-4.45753	244.998	1563.08	
-4.46172	244.974	1563.17	
-4.44613	244.971	1563.17	
-4.43357	244.947	1563.26	
-4.47146	244.988	1563.06	
-4.42091	244.914	1563.11	
-4.40278	245.001	1563.13	
-4.47398	244.981	1563.2	
-4.43348	244.968	1563.16	
-4.42309	244.963	1563.25	
-4.44795	244.976	1563.1	
-4.42239	244.981	1563.04	
-4.51962	245.003	1563.09	
-4.47202	244.96	1563.18	
-4.43021	244.992	1563.15	
-4.4166	244.973	1563.13	
-4.47622	244.971	1563.12	
-4.43366	244.98	1563.11	
-5.70207	243.473	1568.6	
-4.4874	244.964	1563.15	
-4.47882	244.958	1563.14	
-4.484	245.011	1563.09	
